3 5 5 7 11 21 24 31 35 42 45 46 46 48 57 69 71 77 84 93 
3 6 6 7 9 25 25 28 34 36 38 38 44 55 60 62 69 77 80 83 
5 7 21 24 31 32 34 36 37 38 45 54 54 71 73 74 93 93 94 95 
9 16 30 33 34 34 37 39 39 41 42 43 56 71 78 82 90 90 90 91 
1 1 3 6 7 8 12 14 17 18 30 33 44 45 55 56 65 66 76 95 
3 12 22 22 31 33 37 45 46 54 54 57 59 65 73 76 77 80 94 95 
3 10 12 23 28 29 30 32 37 43 58 63 63 65 67 72 73 77 88 88 
0 4 4 5 21 26 26 28 31 39 51 53 54 63 67 68 79 85 92 95 
0 2 12 15 19 23 31 34 41 45 47 48 53 54 63 75 78 79 80 84 
11 14 19 25 25 28 29 40 41 44 69 71 71 71 77 88 89 91 95 96 
3 4 8 16 19 19 28 34 36 50 52 60 69 76 79 86 88 90 91 95 
9 19 25 31 31 33 37 39 45 50 51 53 56 57 75 80 84 87 88 98 
6 20 25 30 31 32 41 41 42 45 56 61 68 71 73 77 83 86 91 94 
5 9 17 24 27 40 41 41 41 44 51 57 63 71 80 89 91 97 98 98 
3 10 13 17 25 30 36 37 40 41 47 55 56 69 87 87 88 89 90 90 
0 5 10 17 20 25 36 39 43 52 58 61 61 83 84 89 89 90 94 97 
5 10 15 16 17 22 23 33 44 49 53 66 67 74 82 85 92 92 93 94 
2 18 20 23 23 31 37 40 47 53 56 57 60 65 67 79 82 82 86 93 
0 3 5 8 10 12 15 19 21 22 28 50 51 66 75 75 78 79 81 83 
1 6 17 19 26 33 33 33 37 40 41 43 45 48 53 60 61 77 85 92 
1 2 17 31 33 36 41 50 59 61 64 68 68 72 74 83 86 94 95 97 
12 17 17 22 23 24 26 27 31 36 39 40 41 49 53 59 65 71 92 98 
9 14 24 28 36 36 37 42 42 48 53 54 56 56 69 76 76 79 94 97 
1 3 3 12 14 19 20 26 59 61 64 73 77 78 82 84 89 93 95 98 
2 5 8 12 38 40 44 48 50 51 52 58 62 62 64 64 72 75 76 87 
1 2 9 10 12 13 14 20 32 37 53 56 58 61 67 69 82 90 93 97 
3 4 5 36 39 40 42 51 65 67 72 72 81 81 81 87 87 88 91 97 
5 8 14 16 24 25 38 48 51 52 55 60 68 68 75 81 92 93 95 97 
12 17 26 28 30 36 40 49 57 58 58 60 66 68 79 81 85 89 89 89 
2 3 8 14 15 17 18 19 32 33 33 39 39 40 70 75 81 85 87 88 
1 5 8 18 19 19 22 23 32 40 40 44 45 48 64 72 80 80 84 89 
0 12 18 18 19 29 30 31 31 41 48 49 49 60 76 88 95 95 95 97 
10 10 15 15 17 24 25 33 34 34 38 41 45 47 48 82 82 86 87 97 
3 13 13 15 16 17 20 31 33 43 44 50 51 57 76 81 95 95 97 98 
4 10 20 26 28 30 32 35 35 50 52 53 69 71 78 85 89 91 94 95 
0 5 24 29 29 32 32 34 37 37 40 45 61 62 70 73 85 87 92 96 
2 9 9 12 17 23 30 34 39 47 49 49 52 57 58 59 71 82 93 96 
0 8 14 14 15 16 26 39 45 45 60 63 64 72 78 83 89 91 96 97 
0 2 7 15 24 33 46 56 57 58 60 61 62 63 67 70 74 84 97 98 
2 10 37 40 40 41 51 59 60 65 66 69 69 70 75 77 84 86 88 92 
8 19 21 24 25 38 42 55 58 64 72 73 76 76 78 79 82 87 92 94 
9 10 13 25 29 31 35 35 39 40 41 42 44 48 51 52 60 76 92 97 
11 12 19 23 27 29 34 35 48 49 71 78 78 83 85 87 88 89 91 93 
1 2 7 10 24 24 26 29 33 44 47 48 55 62 63 67 76 85 87 97 
10 12 31 36 37 47 53 57 57 62 70 73 80 81 83 89 93 94 94 96 
1 8 11 11 14 15 18 23 28 39 44 48 51 59 65 69 74 78 80 83 
0 7 8 16 19 26 29 31 46 51 57 61 69 70 70 75 76 86 88 96 
13 32 41 45 50 56 66 66 70 70 75 79 85 87 87 89 91 92 92 98 
1 11 15 18 18 18 20 23 25 27 39 41 46 50 52 56 57 61 88 88 
3 3 3 14 16 19 19 37 40 55 55 56 62 67 75 76 81 82 94 98 
1 9 10 12 22 25 29 30 31 39 40 49 54 62 64 65 77 77 89 94 
2 9 10 11 11 16 21 23 25 39 43 50 50 56 58 65 67 75 92 96 
0 0 3 16 22 30 38 44 48 49 53 54 59 73 79 79 83 88 93 98 
18 21 32 40 42 44 49 54 55 63 69 70 70 71 76 79 82 84 86 97 
4 9 13 13 13 20 33 37 37 40 40 42 59 62 63 76 78 81 89 94 
0 6 13 22 26 27 30 31 41 46 49 58 59 69 73 73 81 81 90 90 
5 32 33 33 33 38 40 41 44 47 54 64 67 68 69 80 84 84 90 91 
7 12 13 16 20 22 26 29 40 53 60 65 67 68 71 71 76 79 84 96 
4 5 8 11 14 27 39 42 55 55 55 55 59 59 61 83 87 87 90 92 
1 1 7 10 11 17 20 32 37 38 40 53 53 57 58 62 71 74 82 98 
23 34 35 35 39 39 48 49 51 58 63 66 69 72 72 74 77 85 94 97 
16 17 29 35 35 36 38 43 45 51 51 55 57 62 66 68 70 72 83 86 
0 5 11 25 28 31 34 50 50 54 64 66 71 71 75 79 83 87 90 95 
5 7 8 17 26 27 27 27 29 30 46 48 53 70 71 86 91 92 95 98 
4 9 12 20 26 44 49 49 53 53 55 56 64 65 66 72 73 80 82 93 
1 6 17 17 23 31 38 44 45 45 49 55 62 78 82 88 91 92 94 96 
0 0 7 18 25 34 43 47 52 54 57 58 61 63 64 78 80 93 93 98 
1 1 6 10 15 20 23 29 31 37 38 66 67 76 77 81 83 83 87 88 
3 9 25 25 31 32 34 38 49 52 54 56 56 57 58 65 76 79 85 96 
1 1 6 7 13 22 26 26 29 38 49 54 56 58 69 71 73 76 89 97 
0 10 12 20 22 31 32 34 42 46 49 49 51 52 58 79 83 86 89 92 
1 15 16 18 25 28 34 37 50 56 57 60 69 71 75 76 87 93 93 95 
0 12 14 15 21 21 23 26 28 29 32 40 42 44 49 51 57 59 69 82 
0 4 11 21 22 23 26 26 27 43 56 63 68 70 73 82 90 91 93 95 
0 1 5 6 11 11 13 39 39 45 52 55 57 61 68 86 89 91 94 98 
16 16 17 28 41 41 43 43 49 54 54 60 60 61 63 82 84 90 95 97 
1 23 26 27 27 30 32 48 53 55 56 57 59 71 73 74 82 85 90 96 
3 15 25 25 36 38 38 45 47 49 50 51 54 55 69 74 81 83 90 91 
3 4 8 15 18 32 40 43 44 52 54 58 60 60 61 62 66 73 75 76 
1 4 14 24 24 25 28 39 39 53 57 62 71 72 79 81 85 93 94 98 
7 8 17 17 24 27 34 53 54 54 55 59 65 67 68 71 71 82 89 90 
0 18 21 21 23 29 32 32 37 38 48 49 52 57 61 63 78 87 91 95 
3 6 20 25 33 40 41 43 44 44 54 55 58 68 77 77 88 90 92 98 
0 5 7 9 11 23 25 26 34 35 38 43 46 54 56 62 67 71 92 97 
4 10 13 14 16 18 22 24 28 33 41 43 48 51 55 66 67 70 76 82 
0 3 8 11 12 16 17 21 28 51 54 56 71 72 73 74 86 90 94 94 
4 7 28 37 38 38 45 50 52 53 55 63 64 69 74 88 90 95 96 97 
2 9 16 27 30 32 38 45 48 64 67 69 70 70 87 88 89 93 95 97 
4 9 9 9 21 28 37 37 38 42 46 55 60 61 72 74 75 75 87 97 
9 11 14 17 20 25 28 30 48 56 59 62 64 66 73 75 85 86 87 90 
0 7 8 10 12 17 26 27 32 36 49 52 54 58 68 73 83 84 94 97 
8 13 14 27 29 30 44 51 61 65 66 68 72 72 77 79 79 88 98 98 
11 13 23 26 30 31 32 33 35 44 46 48 76 89 92 95 95 95 95 96 
2 4 7 13 15 20 20 26 30 30 40 41 48 53 60 64 75 76 83 83 
3 8 16 25 28 29 33 35 36 40 42 48 58 59 67 68 69 70 75 85 
5 13 25 29 32 38 43 44 50 54 55 56 58 60 68 77 78 82 82 83 
0 1 11 15 24 27 32 33 42 48 51 52 54 56 60 63 70 71 71 73 
2 3 4 7 12 28 31 33 44 50 54 60 65 66 78 86 87 89 94 97 
